255 255 255 255 255 255 255 255 255 255 255 255 255 255 255 255
255 255 255 255 255 255 255 255 255 255 255 255 255 255 255 255
255 255   0   0   0   0   0   0   0   0   0   0   0   0 255 255
255 255   0   0   0   0   0   0   0   0   0   0   0   0 255 255
255 255   0   0   0   0   0   0   0   0   0   0   0   0 255 255
255 255   0   0   0 235 245 245 245 245 236   0   0   0 255 255
255 255   0   0   0 245  27 255  47  96 212   0   0   0 255 255
255 255   0   0   0 232   6  56  24  48 135   0   0   0 255 255
255 255   0   0   0 125 231  24  24 237 135   0   0   0 255 255
255 255   0   0   0 245 255 255 255 255 245   0   0   0 255 255
255 255   0   0   0 236 245 245 245 245 236   0   0   0 255 255
255 255   0   0   0   0   0   0   0   0   0   0   0   0 255 255
255 255   0   0   0   0   0   0   0   0   0   0   0   0 255 255
255 255   0   0   0   0   0   0   0   0   0   0   0   0 255 255
255 255 255 255 255 255 255 255 255 255 255 255 255 255 255 255
255 255 255 255 255 255 255 255 255 255 255 255 255 255 255 255
255 255 255 255 255 255 255 255 255 255 255 255 255 255 255 255
255 255 255 255 255 255 255 255 255 255 255 255 255 255 255 255
255 255   0   0   0   0   0   0   0   0   0   0   0   0 255 255
255 255   0   0   0   0   0   0   0   0   0   0   0   0 255 255
255 255   0   0   0   0   0   0   0   0   0   0   0   0 255 255
255 255   0   0   0 235 245 245 245 245 236   0   0   0 255 255
255 255   0   0   0 245  27 255  47  96 212   0   0   0 255 255
255 255   0   0   0 232   6  56  24  48 135   0   0   0 255 255
255 255   0   0   0 125 231  24  24 237 135   0   0   0 255 255
255 255   0   0   0 245 255 255 255 255 245   0   0   0 255 255
255 255   0   0   0 236 245 245 245 245 236   0   0   0 255 255
255 255   0   0   0   0   0   0   0   0   0   0   0   0 255 255
255 255   0   0   0   0   0   0   0   0   0   0   0   0 255 255
255 255   0   0   0   0   0   0   0   0   0   0   0   0 255 255
255 255 255 255 255 255 255 255 255 255 255 255 255 255 255 255
255 255 255 255 255 255 255 255 255 255 255 255 255 255 255 255
255 255 255 255 255 255 255 255 255 255 255 255 255 255 255 255
255 255 255 255 255 255 255 255 255 255 255 255 255 255 255 255
255 255   0   0   0   0   0   0   0   0   0   0   0   0 255 255
255 255   0   0   0   0   0   0   0   0   0   0   0   0 255 255
255 255   0   0   0   0   0   0   0   0   0   0   0   0 255 255
255 255   0   0   0 235 245 245 245 245 236   0   0   0 255 255
255 255   0   0   0 245  27 255  47  96 212   0   0   0 255 255
255 255   0   0   0 232   6  56  24  48 135   0   0   0 255 255
255 255   0   0   0 125 231  24  24 237 135   0   0   0 255 255
255 255   0   0   0 245 255 255 255 255 245   0   0   0 255 255
255 255   0   0   0 236 245 245 245 245 236   0   0   0 255 255
255 255   0   0   0   0   0   0   0   0   0   0   0   0 255 255
255 255   0   0   0   0   0   0   0   0   0   0   0   0 255 255
255 255   0   0   0   0   0   0   0   0   0   0   0   0 255 255
255 255 255 255 255 255 255 255 255 255 255 255 255 255 255 255
255 255 255 255 255 255 255 255 255 255 255 255 255 255 255 255

255 255 255 255 255 255 255 255 255 255 255 255 255 255 255 255
255 255 255 255 255 255 255 255 255 255 255 255 255 255 255 255
255 255 129  77  76  76  76  76  76  76  76  76  77 129 255 255
255 255  77   2   1   1   1   1   1   1   1   1   2  77 255 255
255 255  76   1   0   0   0   0   0   0   0   0   1  76 255 255
255 255  76   1   0 159 134 116 110 190 159   0   1  76 255 255
255 255  76   1   0 199 115  86 159 249 201   0   1  76 255 255
255 255  76   1   0 200 152 113 142 244 201   0   1  76 255 255
255 255  76   1   0 201 207 131 121 243 201   0   1  76 255 255
255 255  76   1   0 200 125  80 142 251 201   0   1  76 255 255
255 255  76   1   0 159 186 139 111 192 159   0   1  76 255 255
255 255  76   1   0   0   0   0   0   0   0   0   1  76 255 255
255 255  77   2   1   1   1   1   1   1   1   1   2  77 255 255
255 255 129  77  76  76  76  76  76  76  76  76  77 129 255 255
255 255 255 255 255 255 255 255 255 255 255 255 255 255 255 255
255 255 255 255 255 255 255 255 255 255 255 255 255 255 255 255
255 255 255 255 255 255 255 255 255 255 255 255 255 255 255 255
255 255 255 255 255 255 255 255 255 255 255 255 255 255 255 255
255 255 129  77  76  76  76  76  76  76  76  76  77 129 255 255
255 255  77   2   1   1   1   1   1   1   1   1   2  77 255 255
255 255  76   1   0   0   0   0   0   0   0   0   1  76 255 255
255 255  76   1   0 159 134 116 110 190 159   0   1  76 255 255
255 255  76   1   0 199 115  86 159 249 201   0   1  76 255 255
255 255  76   1   0 200 152 113 142 244 201   0   1  76 255 255
255 255  76   1   0 201 207 131 121 243 201   0   1  76 255 255
255 255  76   1   0 200 125  80 142 251 201   0   1  76 255 255
255 255  76   1   0 159 186 139 111 192 159   0   1  76 255 255
255 255  76   1   0   0   0   0   0   0   0   0   1  76 255 255
255 255  77   2   1   1   1   1   1   1   1   1   2  77 255 255
255 255 129  77  76  76  76  76  76  76  76  76  77 129 255 255
255 255 255 255 255 255 255 255 255 255 255 255 255 255 255 255
255 255 255 255 255 255 255 255 255 255 255 255 255 255 255 255
255 255 255 255 255 255 255 255 255 255 255 255 255 255 255 255
255 255 255 255 255 255 255 255 255 255 255 255 255 255 255 255
255 255 129  77  76  76  76  76  76  76  76  76  77 129 255 255
255 255  77   2   1   1   1   1   1   1   1   1   2  77 255 255
255 255  76   1   0   0   0   0   0   0   0   0   1  76 255 255
255 255  76   1   0 159 134 116 110 190 159   0   1  76 255 255
255 255  76   1   0 199 115  86 159 249 201   0   1  76 255 255
255 255  76   1   0 200 152 113 142 244 201   0   1  76 255 255
255 255  76   1   0 201 207 131 121 243 201   0   1  76 255 255
255 255  76   1   0 200 125  80 142 251 201   0   1  76 255 255
255 255  76   1   0 159 186 139 111 192 159   0   1  76 255 255
255 255  76   1   0   0   0   0   0   0   0   0   1  76 255 255
255 255  77   2   1   1   1   1   1   1   1   1   2  77 255 255
255 255 129  77  76  76  76  76  76  76  76  76  77 129 255 255
255 255 255 255 255 255 255 255 255 255 255 255 255 255 255 255
255 255 255 255 255 255 255 255 255 255 255 255 255 255 255 255

255 255 255 255 255 255 255 255 255 255 255 255 255 255 255 255
255 255 255 255 255 255 255 255 255 255 255 255 255 255 255 255
255 255 129  77  76  76  76  76  76  76  76  76  77 129 255 255
255 255  77   2   1   1   1   1   1   1   1   1   2  77 255 255
255 255  76   1   0   0   0   0   0   0   0   0   1  76 255 255
255 255  76   1   0 159 201 201 201 201 159   0   1  76 255 255
255 255  76   1   0 190 249 244 243 251 192   0   1  76 255 255
255 255  76   1   0 110 159 142 121 142 111   0   1  76 255 255
255 255  76   1   0 116  86 113 131  80 139   0   1  76 255 255
255 255  76   1   0 134 115 152 207 125 186   0   1  76 255 255
255 255  76   1   0 159 199 200 201 200 159   0   1  76 255 255
255 255  76   1   0   0   0   0   0   0   0   0   1  76 255 255
255 255  77   2   1   1   1   1   1   1   1   1   2  77 255 255
255 255 129  77  76  76  76  76  76  76  76  76  77 129 255 255
255 255 255 255 255 255 255 255 255 255 255 255 255 255 255 255
255 255 255 255 255 255 255 255 255 255 255 255 255 255 255 255
255 255 255 255 255 255 255 255 255 255 255 255 255 255 255 255
255 255 255 255 255 255 255 255 255 255 255 255 255 255 255 255
255 255 129  77  76  76  76  76  76  76  76  76  77 129 255 255
255 255  77   2   1   1   1   1   1   1   1   1   2  77 255 255
255 255  76   1   0   0   0   0   0   0   0   0   1  76 255 255
255 255  76   1   0 159 201 201 201 201 159   0   1  76 255 255
255 255  76   1   0 190 249 244 243 251 192   0   1  76 255 255
255 255  76   1   0 110 159 142 121 142 111   0   1  76 255 255
255 255  76   1   0 116  86 113 131  80 139   0   1  76 255 255
255 255  76   1   0 134 115 152 207 125 186   0   1  76 255 255
255 255  76   1   0 159 199 200 201 200 159   0   1  76 255 255
255 255  76   1   0   0   0   0   0   0   0   0   1  76 255 255
255 255  77   2   1   1   1   1   1   1   1   1   2  77 255 255
255 255 129  77  76  76  76  76  76  76  76  76  77 129 255 255
255 255 255 255 255 255 255 255 255 255 255 255 255 255 255 255
255 255 255 255 255 255 255 255 255 255 255 255 255 255 255 255
255 255 255 255 255 255 255 255 255 255 255 255 255 255 255 255
255 255 255 255 255 255 255 255 255 255 255 255 255 255 255 255
255 255 129  77  76  76  76  76  76  76  76  76  77 129 255 255
255 255  77   2   1   1   1   1   1   1   1   1   2  77 255 255
255 255  76   1   0   0   0   0   0   0   0   0   1  76 255 255
255 255  76   1   0 159 201 201 201 201 159   0   1  76 255 255
255 255  76   1   0 190 249 244 243 251 192   0   1  76 255 255
255 255  76   1   0 110 159 142 121 142 111   0   1  76 255 255
255 255  76   1   0 116  86 113 131  80 139   0   1  76 255 255
255 255  76   1   0 134 115 152 207 125 186   0   1  76 255 255
255 255  76   1   0 159 199 200 201 200 159   0   1  76 255 255
255 255  76   1   0   0   0   0   0   0   0   0   1  76 255 255
255 255  77   2   1   1   1   1   1   1   1   1   2  77 255 255
255 255 129  77  76  76  76  76  76  76  76  76  77 129 255 255
255 255 255 255 255 255 255 255 255 255 255 255 255 255 255 255
255 255 255 255 255 255 255 255 255 255 255 255 255 255 255 255

255 255 255 255 255 255 255 255 255 255 255 255 255 255 255 255
255 255 255 255 255 255 255 255 255 255 255 255 255 255 255 255
255 255 129  77  76  76  76  76  76  76  76  76  77 129 255 255
255 255  77   2   1   1   1   1   1   1   1   1   2  77 255 255
255 255  76   1   0   0   0   0   0   0   0   0   1  76 255 255
255 255  76   1   0 159 192 111 139 186 159   0   1  76 255 255
255 255  76   1   0 201 251 142  80 125 200   0   1  76 255 255
255 255  76   1   0 201 243 121 131 207 201   0   1  76 255 255
255 255  76   1   0 201 244 142 113 152 200   0   1  76 255 255
255 255  76   1   0 201 249 159  86 115 199   0   1  76 255 255
255 255  76   1   0 159 190 110 116 134 159   0   1  76 255 255
255 255  76   1   0   0   0   0   0   0   0   0   1  76 255 255
255 255  77   2   1   1   1   1   1   1   1   1   2  77 255 255
255 255 129  77  76  76  76  76  76  76  76  76  77 129 255 255
255 255 255 255 255 255 255 255 255 255 255 255 255 255 255 255
255 255 255 255 255 255 255 255 255 255 255 255 255 255 255 255
255 255 255 255 255 255 255 255 255 255 255 255 255 255 255 255
255 255 255 255 255 255 255 255 255 255 255 255 255 255 255 255
255 255 129  77  76  76  76  76  76  76  76  76  77 129 255 255
255 255  77   2   1   1   1   1   1   1   1   1   2  77 255 255
255 255  76   1   0   0   0   0   0   0   0   0   1  76 255 255
255 255  76   1   0 159 192 111 139 186 159   0   1  76 255 255
255 255  76   1   0 201 251 142  80 125 200   0   1  76 255 255
255 255  76   1   0 201 243 121 131 207 201   0   1  76 255 255
255 255  76   1   0 201 244 142 113 152 200   0   1  76 255 255
255 255  76   1   0 201 249 159  86 115 199   0   1  76 255 255
255 255  76   1   0 159 190 110 116 134 159   0   1  76 255 255
255 255  76   1   0   0   0   0   0   0   0   0   1  76 255 255
255 255  77   2   1   1   1   1   1   1   1   1   2  77 255 255
255 255 129  77  76  76  76  76  76  76  76  76  77 129 255 255
255 255 255 255 255 255 255 255 255 255 255 255 255 255 255 255
255 255 255 255 255 255 255 255 255 255 255 255 255 255 255 255
255 255 255 255 255 255 255 255 255 255 255 255 255 255 255 255
255 255 255 255 255 255 255 255 255 255 255 255 255 255 255 255
255 255 129  77  76  76  76  76  76  76  76  76  77 129 255 255
255 255  77   2   1   1   1   1   1   1   1   1   2  77 255 255
255 255  76   1   0   0   0   0   0   0   0   0   1  76 255 255
255 255  76   1   0 159 192 111 139 186 159   0   1  76 255 255
255 255  76   1   0 201 251 142  80 125 200   0   1  76 255 255
255 255  76   1   0 201 243 121 131 207 201   0   1  76 255 255
255 255  76   1   0 201 244 142 113 152 200   0   1  76 255 255
255 255  76   1   0 201 249 159  86 115 199   0   1  76 255 255
255 255  76   1   0 159 190 110 116 134 159   0   1  76 255 255
255 255  76   1   0   0   0   0   0   0   0   0   1  76 255 255
255 255  77   2   1   1   1   1   1   1   1   1   2  77 255 255
255 255 129  77  76  76  76  76  76  76  76  76  77 129 255 255
255 255 255 255 255 255 255 255 255 255 255 255 255 255 255 255
255 255 255 255 255 255 255 255 255 255 255 255 255 255 255 255
